#        weight    minuslogpost              H0               w           omch2         omegahi            ax_1            ax_2            ah_1            ah_2   minuslogprior minuslogprior__0            chi2 chi2__cx_likelihood_multi.CXLikelihood
            101        18282909       89.761628     -0.30337063      0.12025742   0.00010018388       1.3321035      0.32421847     0.017442082      0.10467748      -4.4743163       -4.4743163        36565827                               36565827
             61        17932575       89.811731     -0.30338613      0.12021842   0.00010018388       1.3321035      0.32421847     0.017442082      0.10467748      -4.4743163       -4.4743163        35865160                               35865160
             31        17890294       89.811731     -0.30338613      0.12021842   0.00010011868        1.333374      0.32267796     0.017483323      0.10488321      -4.4743163       -4.4743163        35780597                               35780597
            148        16617369       89.958281     -0.30174812      0.12026469   0.00010011868        1.333374      0.32267796     0.017483323      0.10488321      -4.4743163       -4.4743163        33234746                               33234746
            105        16587076       89.958281     -0.30174812      0.12026469    0.0001000704       1.3148156       0.2996409     0.016117318      0.10707446      -4.4743163       -4.4743163        33174161                               33174161
              9        16574447       89.958281     -0.30174812      0.12026469   0.00010004927       1.3149856      0.30016823     0.016115644      0.10707193      -4.4743163       -4.4743163        33148902                               33148902
            128        16409408       89.948581      -0.3007999      0.12025402   0.00010004927       1.3149856      0.30016823     0.016115644      0.10707193      -4.4743163       -4.4743163        32818825                               32818825
            184        16395316       89.999554     -0.30201613      0.12027698   0.00010004927       1.3149856      0.30016823     0.016115644      0.10707193      -4.4743163       -4.4743163        32790641                               32790641
             43        16363913       89.999554     -0.30201613      0.12027698   0.00010004026       1.0860921      0.21373261     0.023832701       0.1166406      -4.4743163       -4.4743163        32727836                               32727836
            119        16362688       89.999554     -0.30201613      0.12027698   0.00010003916       1.0758215      0.31255505      0.02325088      0.11770515      -4.4743163       -4.4743163        32725384                               32725384
             10        16347814       89.999554     -0.30201613      0.12027698   0.00010001402       1.0750572      0.31295718     0.023248822      0.11770582      -4.4743163       -4.4743163        32695637                               32695637
             79        16345501       89.999554     -0.30201613      0.12027698   0.00010000989        1.079812      0.31618182      0.02319724       0.1177491      -4.4743163       -4.4743163        32691011                               32691011
             86        16277540       89.980851     -0.30123989      0.12027049   0.00010000989        1.079812      0.31618182      0.02319724       0.1177491      -4.4743163       -4.4743163        32555090                               32555090
            312        16265174       89.980851     -0.30123989      0.12027049   0.00010000216       1.1143316       0.1911427     0.021292037      0.12738705      -4.4743163       -4.4743163        32530357                               32530357
            151        16203564       89.991954     -0.30131118      0.12025044   0.00010000216       1.1143316       0.1911427     0.021292037      0.12738705      -4.4743163       -4.4743163        32407137                               32407137
            789        16103249       89.979076     -0.30050231      0.12026091   0.00010000216       1.1143316       0.1911427     0.021292037      0.12738705      -4.4743163       -4.4743163        32206508                               32206508
            147        16100203       89.979076     -0.30050231      0.12026091   0.00010000387       1.1252705      0.22574598     0.020710726      0.13188466      -4.4743163       -4.4743163        32200415                               32200415
            448        16097617       89.979076     -0.30050231      0.12026091   0.00010001603       1.3235015      0.20727525     0.028216758      0.13703231      -4.4743163       -4.4743163        32195244                               32195244
