#        weight    minuslogpost              H0               w           omch2         omegahi            ax_1            ax_2            ah_1            ah_2   minuslogprior minuslogprior__0            chi2 chi2__cx_likelihood_multi.CXLikelihood
             12        53483358       88.727212     -0.42641958      0.11019192   0.00010000068       0.6273507      0.93205491      0.05866989     0.061042412      -4.4743163       -4.4743163   1.0696672e+08                          1.0696672e+08
             13        46307453       88.981888     -0.41339279      0.11057152   0.00010000068       0.6273507      0.93205491      0.05866989     0.061042412      -4.4743163       -4.4743163        92614915                               92614915
             16        45958796       89.138301     -0.42250679      0.11038761   0.00010000068       0.6273507      0.93205491      0.05866989     0.061042412      -4.4743163       -4.4743163        91917601                               91917601
             21        26391268       89.498981     -0.35915438      0.11044489   0.00010000068       0.6273507      0.93205491      0.05866989     0.061042412      -4.4743163       -4.4743163        52782544                               52782544
             29        24700411       88.652264      -0.3247857      0.11041167   0.00010000068       0.6273507      0.93205491      0.05866989     0.061042412      -4.4743163       -4.4743163        49400831                               49400831
             43        15237548       89.357464     -0.31215733      0.10921171   0.00010000068       0.6273507      0.93205491      0.05866989     0.061042412      -4.4743163       -4.4743163        30475105                               30475105
            159        11879426       89.781815     -0.31223606       0.1072925   0.00010000068       0.6273507      0.93205491      0.05866989     0.061042412      -4.4743163       -4.4743163        23758860                               23758860
             27        11774765        89.33931     -0.30172639      0.10740706   0.00010000068       0.6273507      0.93205491      0.05866989     0.061042412      -4.4743163       -4.4743163        23549538                               23549538
            169        10491668       89.954094     -0.30940661      0.10706144   0.00010000068       0.6273507      0.93205491      0.05866989     0.061042412      -4.4743163       -4.4743163        20983345                               20983345
            392       9809153.9       89.853771     -0.30380184      0.10696235   0.00010000068       0.6273507      0.93205491      0.05866989     0.061042412      -4.4743163       -4.4743163        19618317                               19618317
             65       9643134.8       89.778069     -0.30158142      0.10688274   0.00010000068       0.6273507      0.93205491      0.05866989     0.061042412      -4.4743163       -4.4743163        19286279                               19286279
            132       9380272.8       89.841041     -0.30150797      0.10684728   0.00010000068       0.6273507      0.93205491      0.05866989     0.061042412      -4.4743163       -4.4743163        18760555                               18760555
             38       9380240.8       89.841041     -0.30150797      0.10684728   0.00010000058      0.62748553      0.93197241     0.058668512     0.061043196      -4.4743163       -4.4743163        18760491                               18760491
            346       9270956.1        89.85663     -0.30125491      0.10683219   0.00010000058      0.62748553      0.93197241     0.058668512     0.061043196      -4.4743163       -4.4743163        18541921                               18541921
