#        weight    minuslogpost              H0               w           omch2         omegahi            ax_1            ax_2            ah_1            ah_2   minuslogprior minuslogprior__0            chi2 chi2__cx_likelihood_multi.CXLikelihood
             14        87716627       89.874671     -0.72402471      0.12861549   0.00010052847        1.966565       1.6594089     0.081783305     0.040898416      -4.4743163       -4.4743163   1.7543326e+08                          1.7543326e+08
              7        86362598       89.874671     -0.72402471      0.12861549   0.00010009945        1.767899       1.7043759     0.075249167     0.051101201      -4.4743163       -4.4743163    1.727252e+08                           1.727252e+08
              3        83848060       89.957307     -0.71967648      0.12851535   0.00010009945        1.767899       1.7043759     0.075249167     0.051101201      -4.4743163       -4.4743163   1.6769613e+08                          1.6769613e+08
              2        83749208       89.957307     -0.71967648      0.12851535   0.00010006674       1.7674603       1.7081262     0.075399486     0.051050525      -4.4743163       -4.4743163   1.6749842e+08                          1.6749842e+08
              7        72325371       89.816217     -0.54104655      0.13050559   0.00010006674       1.7674603       1.7081262     0.075399486     0.051050525      -4.4743163       -4.4743163   1.4465075e+08                          1.4465075e+08
             21        66338656       89.999356     -0.52655281      0.13030201   0.00010006674       1.7674603       1.7081262     0.075399486     0.051050525      -4.4743163       -4.4743163   1.3267732e+08                          1.3267732e+08
             13        66312816       89.999356     -0.52655281      0.13030201   0.00010005555        1.757156       1.7389447     0.074150071     0.052293457      -4.4743163       -4.4743163   1.3262564e+08                          1.3262564e+08
             11        59511458       89.833213     -0.46301521       0.1292877   0.00010005555        1.757156       1.7389447     0.074150071     0.052293457      -4.4743163       -4.4743163   1.1902292e+08                          1.1902292e+08
              3        58796120       89.521897      -0.4328014      0.12814179   0.00010005555        1.757156       1.7389447     0.074150071     0.052293457      -4.4743163       -4.4743163   1.1759225e+08                          1.1759225e+08
             27        46206542       89.789874     -0.39775232      0.12755831   0.00010005555        1.757156       1.7389447     0.074150071     0.052293457      -4.4743163       -4.4743163        92413093                               92413093
             21        45161909       89.503492     -0.37868891       0.1264819   0.00010005555        1.757156       1.7389447     0.074150071     0.052293457      -4.4743163       -4.4743163        90323826                               90323826
             29        41715489       89.620904     -0.37016794      0.12694574   0.00010005555        1.757156       1.7389447     0.074150071     0.052293457      -4.4743163       -4.4743163        83430987                               83430987
             57        40228260       89.521814     -0.35647688      0.12777626   0.00010005555        1.757156       1.7389447     0.074150071     0.052293457      -4.4743163       -4.4743163        80456529                               80456529
             21        40185962       89.521814     -0.35647688      0.12777626   0.00010002615       1.7573529       1.7391907     0.074139174      0.05227826      -4.4743163       -4.4743163        80371933                               80371933
             14        30718518       89.758885     -0.33096603      0.12795174   0.00010002615       1.7573529       1.7391907     0.074139174      0.05227826      -4.4743163       -4.4743163        61437045                               61437045
             63        30116772       89.715691     -0.32750617      0.12776301   0.00010002615       1.7573529       1.7391907     0.074139174      0.05227826      -4.4743163       -4.4743163        60233552                               60233552
             78        29767382        89.72469     -0.32652838      0.12776823   0.00010002615       1.7573529       1.7391907     0.074139174      0.05227826      -4.4743163       -4.4743163        59534773                               59534773
            342        24866767       89.552478      -0.3024788      0.12789884   0.00010002615       1.7573529       1.7391907     0.074139174      0.05227826      -4.4743163       -4.4743163        49733543                               49733543
             44        24859168       89.552478      -0.3024788      0.12789884   0.00010001151       1.7231182       1.8048594     0.072428446       0.0510585      -4.4743163       -4.4743163        49718344                               49718344
            166        22316401       89.764666     -0.30051369      0.12757424   0.00010001151       1.7231182       1.8048594     0.072428446       0.0510585      -4.4743163       -4.4743163        44632811                               44632811
            128        22313081       89.764666     -0.30051369      0.12757424   0.00010000741       1.7226311       1.8055367     0.072435775     0.051084449      -4.4743163       -4.4743163        44626171                               44626171
             63        18591673       89.931096     -0.30514137       0.1219469   0.00010000741       1.7226311       1.8055367     0.072435775     0.051084449      -4.4743163       -4.4743163        37183355                               37183355
            244        18407514       89.913783     -0.30381993      0.12196923   0.00010000741       1.7226311       1.8055367     0.072435775     0.051084449      -4.4743163       -4.4743163        36815037                               36815037
            130        17576906       89.992147     -0.30235896      0.12200076   0.00010000741       1.7226311       1.8055367     0.072435775     0.051084449      -4.4743163       -4.4743163        35153821                               35153821
            212        17391098       89.989777      -0.3014413      0.12201983   0.00010000741       1.7226311       1.8055367     0.072435775     0.051084449      -4.4743163       -4.4743163        34782206                               34782206
