#        weight    minuslogpost              H0               w           omch2         omegahi            ax_1            ax_2            ah_1            ah_2   minuslogprior minuslogprior__0            chi2 chi2__cx_likelihood_multi.CXLikelihood
              2        95792980       89.688501      -0.8418736      0.12382426   0.00010030135       1.5595419       1.4406338     0.049618712     0.030692954      -4.4743163       -4.4743163   1.9158597e+08                          1.9158597e+08
              1        75094310       89.944489      -0.6482968        0.121618   0.00010030135       1.5595419       1.4406338     0.049618712     0.030692954      -4.4743163       -4.4743163   1.5018863e+08                          1.5018863e+08
             39        71795886       89.974043     -0.61900021      0.12168457   0.00010030135       1.5595419       1.4406338     0.049618712     0.030692954      -4.4743163       -4.4743163   1.4359178e+08                          1.4359178e+08
              2        66288117       89.641149     -0.52895308      0.11910705   0.00010030135       1.5595419       1.4406338     0.049618712     0.030692954      -4.4743163       -4.4743163   1.3257624e+08                          1.3257624e+08
              8        65856886       89.656192     -0.52805177       0.1191276   0.00010030135       1.5595419       1.4406338     0.049618712     0.030692954      -4.4743163       -4.4743163   1.3171378e+08                          1.3171378e+08
              4        53022976        89.54322     -0.43888499      0.11991731   0.00010030135       1.5595419       1.4406338     0.049618712     0.030692954      -4.4743163       -4.4743163   1.0604596e+08                          1.0604596e+08
             24        41956359       89.749268     -0.40846981      0.11826808   0.00010030135       1.5595419       1.4406338     0.049618712     0.030692954      -4.4743163       -4.4743163        83912728                               83912728
             40        24639226       89.853096     -0.34327959      0.11644965   0.00010030135       1.5595419       1.4406338     0.049618712     0.030692954      -4.4743163       -4.4743163        49278461                               49278461
              5        24179262       89.882125     -0.34242328      0.11642773   0.00010030135       1.5595419       1.4406338     0.049618712     0.030692954      -4.4743163       -4.4743163        48358533                               48358533
              2        24165383       89.882125     -0.34242328      0.11642773   0.00010026532       1.5359053       1.5213132     0.045704661     0.023460047      -4.4743163       -4.4743163        48330776                               48330776
             76        24083258       89.882125     -0.34242328      0.11642773   0.00010017098       1.5267402       1.5156494     0.045460248     0.023709876      -4.4743163       -4.4743163        48166526                               48166526
             19        22146328       89.665659     -0.32714617      0.11632656   0.00010017098       1.5267402       1.5156494     0.045460248     0.023709876      -4.4743163       -4.4743163        44292665                               44292665
             15        18747933       89.640766     -0.31179449      0.11657888   0.00010017098       1.5267402       1.5156494     0.045460248     0.023709876      -4.4743163       -4.4743163        37495876                               37495876
             35        18692313       89.640766     -0.31179449      0.11657888   0.00010010313       1.4419196        1.455935     0.047894617     0.025630467      -4.4743163       -4.4743163        37384634                               37384634
             70        18644431       89.640766     -0.31179449      0.11657888   0.00010003144        1.442323       1.4562333     0.047852886     0.025623756      -4.4743163       -4.4743163        37288870                               37288870
             25        18402758       89.635588     -0.31086973      0.11650436   0.00010003144        1.442323       1.4562333     0.047852886     0.025623756      -4.4743163       -4.4743163        36805525                               36805525
             11        18267710       89.674327     -0.31146037      0.11647328   0.00010003144        1.442323       1.4562333     0.047852886     0.025623756      -4.4743163       -4.4743163        36535430                               36535430
             44        17838981       89.876273     -0.31557368      0.11636181   0.00010003144        1.442323       1.4562333     0.047852886     0.025623756      -4.4743163       -4.4743163        35677971                               35677971
              9        17815195       89.806788     -0.31327103       0.1164479   0.00010003144        1.442323       1.4562333     0.047852886     0.025623756      -4.4743163       -4.4743163        35630399                               35630399
             39        17379671       89.728745     -0.31031463      0.11607823   0.00010003144        1.442323       1.4562333     0.047852886     0.025623756      -4.4743163       -4.4743163        34759350                               34759350
            269        14930743       89.868192     -0.30340344      0.11598626   0.00010003144        1.442323       1.4562333     0.047852886     0.025623756      -4.4743163       -4.4743163        29861495                               29861495
            108        14925477       89.886082      -0.3038993      0.11595935   0.00010003144        1.442323       1.4562333     0.047852886     0.025623756      -4.4743163       -4.4743163        29850962                               29850962
              3        14645569       89.924771       -0.304728      0.11554349   0.00010003144        1.442323       1.4562333     0.047852886     0.025623756      -4.4743163       -4.4743163        29291147                               29291147
            275        14490162       89.935253     -0.30446175      0.11547261   0.00010003144        1.442323       1.4562333     0.047852886     0.025623756      -4.4743163       -4.4743163        28980333                               28980333
             17        14183308       89.923255     -0.30296282      0.11538988   0.00010003144        1.442323       1.4562333     0.047852886     0.025623756      -4.4743163       -4.4743163        28366626                               28366626
            113        14179072       89.923255     -0.30296282      0.11538988   0.00010002307       1.4431212       1.4561462     0.047862923     0.025604339      -4.4743163       -4.4743163        28358154                               28358154
             52        14070586       89.854672     -0.30046713      0.11551258   0.00010002307       1.4431212       1.4561462     0.047862923     0.025604339      -4.4743163       -4.4743163        28141181                               28141181
            109        11976744        89.94333     -0.30016642      0.11272658   0.00010002307       1.4431212       1.4561462     0.047862923     0.025604339      -4.4743163       -4.4743163        23953496                               23953496
            265        11973876        89.94333     -0.30016642      0.11272658   0.00010001633       1.4440757       1.4548345     0.047673738     0.025762486      -4.4743163       -4.4743163        23947761                               23947761
