#        weight    minuslogpost              H0               w           omch2         omegahi            ax_1            ax_2            ah_1            ah_2   minuslogprior minuslogprior__0            chi2 chi2__cx_likelihood_multi.CXLikelihood
            134        13613681       89.950907     -0.30201482      0.11512923   0.00010002101       1.4835442      0.34847131     0.077927116     0.042121801      -4.4743163       -4.4743163        27227371                               27227371
             25        13604233       89.950907     -0.30201482      0.11512923   0.00010003327       1.3634538       0.2752304      0.08050602     0.050464506      -4.4743163       -4.4743163        27208475                               27208475
             55        13602576       89.950907     -0.30201482      0.11512923    0.0001000298       1.3612976      0.27638936     0.080538542     0.050324935      -4.4743163       -4.4743163        27205161                               27205161
            141        13275622       89.943795     -0.30012492      0.11518847    0.0001000298       1.3612976      0.27638936     0.080538542     0.050324935      -4.4743163       -4.4743163        26551254                               26551254
            360        12706806       89.805941     -0.30015884      0.11303613    0.0001000298       1.3612976      0.27638936     0.080538542     0.050324935      -4.4743163       -4.4743163        25413622                               25413622
             33        12693353       89.805941     -0.30015884      0.11303613   0.00010000001       1.3613752      0.27547184     0.080511208     0.050163115      -4.4743163       -4.4743163        25386715                               25386715
            305        12638458       89.982141     -0.30302521      0.11336712   0.00010000001       1.3613752      0.27547184     0.080511208     0.050163115      -4.4743163       -4.4743163        25276925                               25276925
            527        12472133       89.961919     -0.30172657      0.11336831   0.00010000001       1.3613752      0.27547184     0.080511208     0.050163115      -4.4743163       -4.4743163        24944274                               24944274
             18        12470462       89.961919     -0.30172657      0.11336831   0.00010000837       1.3995639      0.47606069     0.073963164      0.06489882      -4.4743163       -4.4743163        24940932                               24940932
            137        12467058       89.960782     -0.30167764      0.11337039   0.00010000837       1.3995639      0.47606069     0.073963164      0.06489882      -4.4743163       -4.4743163        24934125                               24934125
            294        12463575       89.960782     -0.30167764      0.11337039   0.00010000512       1.3186311       0.4005907     0.074887042      0.06298799      -4.4743163       -4.4743163        24927160                               24927160
            194        12462108       89.960782     -0.30167764      0.11337039   0.00010001057       1.1648392      0.35725825     0.073632561     0.063876941      -4.4743163       -4.4743163        24924225                               24924225
             88        12462031       89.960705     -0.30167544      0.11337041   0.00010001057       1.1648392      0.35725825     0.073632561     0.063876941      -4.4743163       -4.4743163        24924071                               24924071
