#        weight    minuslogpost              H0               w           omch2         omegahi            ax_1            ax_2            ah_1            ah_2   minuslogprior minuslogprior__0            chi2 chi2__cx_likelihood_multi.CXLikelihood
            107        89942816       89.940114      -1.5793761      0.10693147   0.00010006269       1.7174449      0.62483434     0.059458306     0.034928731      -4.4743163       -4.4743163   1.7988564e+08                          1.7988564e+08
             28        89461060       89.957214      -1.5768421      0.10690929   0.00010006269       1.7174449      0.62483434     0.059458306     0.034928731      -4.4743163       -4.4743163   1.7892213e+08                          1.7892213e+08
             71        89408107       89.957214      -1.5768421      0.10690929   0.00010004906        1.595691      0.55311822     0.052628591     0.044025936      -4.4743163       -4.4743163   1.7881622e+08                          1.7881622e+08
            662        88291707       89.997868      -1.5758278       0.1068822   0.00010004906        1.595691      0.55311822     0.052628591     0.044025936      -4.4743163       -4.4743163   1.7658342e+08                          1.7658342e+08
            292        88156378       89.997868      -1.5758278       0.1068822   0.00010000654       1.5965396      0.55284177     0.052578905     0.044146889      -4.4743163       -4.4743163   1.7631277e+08                          1.7631277e+08
            103        87781773       89.969643      -1.6899559       0.1047794   0.00010000654       1.5965396      0.55284177     0.052578905     0.044146889      -4.4743163       -4.4743163   1.7556355e+08                          1.7556355e+08
             75        87711094       89.972072      -1.6907948      0.10477054   0.00010000654       1.5965396      0.55284177     0.052578905     0.044146889      -4.4743163       -4.4743163    1.754222e+08                           1.754222e+08
            396        86923615       89.992363      -1.9359161      0.10597544   0.00010000654       1.5965396      0.55284177     0.052578905     0.044146889      -4.4743163       -4.4743163   1.7384724e+08                          1.7384724e+08
             16        86660949       89.990673      -1.9585221      0.10560513   0.00010000654       1.5965396      0.55284177     0.052578905     0.044146889      -4.4743163       -4.4743163   1.7332191e+08                          1.7332191e+08
            188        86513861       89.995453      -1.9537816      0.10550564   0.00010000654       1.5965396      0.55284177     0.052578905     0.044146889      -4.4743163       -4.4743163   1.7302773e+08                          1.7302773e+08
            186        86500926       89.995453      -1.9537816      0.10550564    0.0001000024       1.5963709      0.55310059     0.052570676     0.044165087      -4.4743163       -4.4743163   1.7300186e+08                          1.7300186e+08
            138        86102011       89.986175      -1.9392335      0.10404319    0.0001000024       1.5963709      0.55310059     0.052570676     0.044165087      -4.4743163       -4.4743163   1.7220403e+08                          1.7220403e+08
