#        weight    minuslogpost              H0               w           omch2         omegahi            ax_1            ax_2            ah_1            ah_2   minuslogprior minuslogprior__0            chi2 chi2__cx_likelihood_multi.CXLikelihood
             95        71718257       89.919211     -0.71186297      0.11040107   0.00010000665       1.1016403       0.9800077     0.064274192     0.037058332      -4.4743163       -4.4743163   1.4343652e+08                          1.4343652e+08
             21        71685687       89.919211     -0.71186297      0.11040107   0.00010000716       1.0753054       1.1030521     0.068438933     0.047733076      -4.4743163       -4.4743163   1.4337138e+08                          1.4337138e+08
              2        71458592       89.898574     -0.70329971      0.11034964   0.00010000716       1.0753054       1.1030521     0.068438933     0.047733076      -4.4743163       -4.4743163   1.4291719e+08                          1.4291719e+08
             36        68900683       89.998879     -0.69094165      0.11113246   0.00010000716       1.0753054       1.1030521     0.068438933     0.047733076      -4.4743163       -4.4743163   1.3780138e+08                          1.3780138e+08
             10        67715831       89.578997     -0.57530232       0.1128618   0.00010000716       1.0753054       1.1030521     0.068438933     0.047733076      -4.4743163       -4.4743163   1.3543167e+08                          1.3543167e+08
             29        56210499        89.37385      -0.4708055      0.11402324   0.00010000716       1.0753054       1.1030521     0.068438933     0.047733076      -4.4743163       -4.4743163   1.1242101e+08                          1.1242101e+08
              6        56208315        89.37385      -0.4708055      0.11402324   0.00010001332        1.080644       1.0596201     0.072320212      0.05024196      -4.4743163       -4.4743163   1.1241664e+08                          1.1241664e+08
              7        51904790       89.727997      -0.4965295      0.11117433   0.00010001332        1.080644       1.0596201     0.072320212      0.05024196      -4.4743163       -4.4743163   1.0380959e+08                          1.0380959e+08
              5        45136592       89.928675      -0.4756314      0.11091732   0.00010001332        1.080644       1.0596201     0.072320212      0.05024196      -4.4743163       -4.4743163        90273192                               90273192
              5        25462350       89.159772     -0.35514387       0.1069964   0.00010001332        1.080644       1.0596201     0.072320212      0.05024196      -4.4743163       -4.4743163        50924710                               50924710
             67        14944909       89.437939     -0.31654088      0.10797853   0.00010001332        1.080644       1.0596201     0.072320212      0.05024196      -4.4743163       -4.4743163        29889827                               29889827
              2        13741024       89.310761     -0.30801141      0.10804689   0.00010001332        1.080644       1.0596201     0.072320212      0.05024196      -4.4743163       -4.4743163        27482057                               27482057
              6        13609261       89.709194      -0.3263745      0.10501801   0.00010001332        1.080644       1.0596201     0.072320212      0.05024196      -4.4743163       -4.4743163        27218530                               27218530
              2        13607629       89.709194      -0.3263745      0.10501801   0.00010000783       1.0678657       1.0449137     0.072334597     0.048608974      -4.4743163       -4.4743163        27215267                               27215267
             33        13559948       89.873889     -0.34084918      0.10194795   0.00010000783       1.0678657       1.0449137     0.072334597     0.048608974      -4.4743163       -4.4743163        27119906                               27119906
             12        13556779       89.873889     -0.34084918      0.10194795   0.00010000227       1.0614775       1.0409788     0.072598838     0.048535977      -4.4743163       -4.4743163        27113568                               27113568
              2        12435944        89.83344     -0.33436034      0.10173826   0.00010000227       1.0614775       1.0409788     0.072598838     0.048535977      -4.4743163       -4.4743163        24871896                               24871896
              8        10831590       89.877348     -0.32608255      0.10183226   0.00010000227       1.0614775       1.0409788     0.072598838     0.048535977      -4.4743163       -4.4743163        21663189                               21663189
             48        10663999       89.863249     -0.32479283       0.1018321   0.00010000227       1.0614775       1.0409788     0.072598838     0.048535977      -4.4743163       -4.4743163        21328007                               21328007
             90        10013987       89.243852     -0.30748804      0.10202485   0.00010000227       1.0614775       1.0409788     0.072598838     0.048535977      -4.4743163       -4.4743163        20027982                               20027982
             72       6941874.3       89.724696     -0.30081666      0.10146918   0.00010000227       1.0614775       1.0409788     0.072598838     0.048535977      -4.4743163       -4.4743163        13883758                               13883758
             79       6885091.9       89.734054     -0.30065401      0.10145773   0.00010000227       1.0614775       1.0409788     0.072598838     0.048535977      -4.4743163       -4.4743163        13770193                               13770193
            129       6842558.9       89.742365     -0.30050847      0.10146406   0.00010000227       1.0614775       1.0409788     0.072598838     0.048535977      -4.4743163       -4.4743163        13685127                               13685127
              1       6840635.3       89.742365     -0.30050847      0.10146406   0.00010003154       1.0412654       1.1398547      0.07053639     0.065717175      -4.4743163       -4.4743163        13681279                               13681279
            313         6838688       89.742365     -0.30050847      0.10146406   0.00010002291       1.0419883       1.1408816     0.070391169     0.065687099      -4.4743163       -4.4743163        13677385                               13677385
             46       6834667.9       89.742365     -0.30050847      0.10146406     0.000100007       1.0419897       1.1399171     0.070436355     0.065743153      -4.4743163       -4.4743163        13669345                               13669345
             36       6825898.2       89.758169     -0.30069714      0.10147469     0.000100007       1.0419897       1.1399171     0.070436355     0.065743153      -4.4743163       -4.4743163        13651805                               13651805
