#        weight    minuslogpost              H0               w           omch2         omegahi            ax_1            ax_2            ah_1            ah_2   minuslogprior minuslogprior__0            chi2 chi2__cx_likelihood_multi.CXLikelihood
             17        28316792       88.903794     -0.31277077      0.12063571   0.00010009331       1.4348968       1.5221128     0.050257672     0.020158897      -4.4743163       -4.4743163        56633593                               56633593
             27        21471617       89.291792     -0.30154532      0.12065512   0.00010009331       1.4348968       1.5221128     0.050257672     0.020158897      -4.4743163       -4.4743163        42943243                               42943243
             17        20905007       89.823213     -0.31321703      0.12118143   0.00010009331       1.4348968       1.5221128     0.050257672     0.020158897      -4.4743163       -4.4743163        41810023                               41810023
             30        20088594       89.953008     -0.31583411      0.12043572   0.00010009331       1.4348968       1.5221128     0.050257672     0.020158897      -4.4743163       -4.4743163        40177197                               40177197
             18        20062469       89.953008     -0.31583411      0.12043572   0.00010005724       1.4335244       1.5249958      0.05039441     0.020122695      -4.4743163       -4.4743163        40124946                               40124946
             76        20049820       89.953008     -0.31583411      0.12043572   0.00010004448       1.5424766       1.5381143     0.050583507     0.025844496      -4.4743163       -4.4743163        40099648                               40099648
            112        19884002       89.951842     -0.31514996      0.12041322   0.00010004448       1.5424766       1.5381143     0.050583507     0.025844496      -4.4743163       -4.4743163        39768013                               39768013
             15        15843188       89.981843     -0.30042303      0.11965292   0.00010004448       1.5424766       1.5381143     0.050583507     0.025844496      -4.4743163       -4.4743163        31686384                               31686384
            358        15817392       89.981843     -0.30042303      0.11965292   0.00010000023       1.5427332       1.5365092     0.050805127     0.026101851      -4.4743163       -4.4743163        31634794                               31634794
             18        15808198       89.981749     -0.30037231      0.11965566   0.00010000023       1.5427332       1.5365092     0.050805127     0.026101851      -4.4743163       -4.4743163        31616406                               31616406
           1115        15685445       89.990255     -0.30006063      0.11964842   0.00010000023       1.5427332       1.5365092     0.050805127     0.026101851      -4.4743163       -4.4743163        31370898                               31370898
            357        15684569       89.990255     -0.30006063      0.11964842   0.00010002009       1.3219762       1.4492138     0.055830308     0.022803239      -4.4743163       -4.4743163        31369147                               31369147
            174        15684137       89.990255     -0.30006063      0.11964842   0.00010001793       1.3199798       1.4354283     0.055262878     0.022259324      -4.4743163       -4.4743163        31368282                               31368282
